cameras = [{"id": 0, "img_name": "r_0", "width": 800, "height": 800, "position": [-0.0, 2.7372601032257085, 2.959291696548462], "rotation": [[-1.0000001192092896, -0.0, -0.0], [0.0, 0.7341100573539734, -0.67903071641922], [-0.0, -0.67903071641922, -0.7341099977493286]], "fy": 1250.0000504168488, "fx": 1250.0000504168488}, {"id": 1, "img_name": "r_1", "width": 800, "height": 800, "position": [-0.17187398672103885, 2.731858730316162, 2.9592916965484632], "rotation": [[-0.9980268478393555, -0.04609515145421028, 0.0426366925239563], [-0.06279052793979645, 0.732661485671997, -0.6776908040046691], [-3.725290306930268e-09, -0.6790307164192199, -0.7341099977493287]], "fy": 1250.0000504168488, "fx": 1250.0000504168488}, {"id": 2, "img_name": "r_2", "width": 800, "height": 800, "position": [-0.3431337177753449, 2.716182947158814, 2.9588191509246817], "rotation": [[-0.9921148419380188, -0.09199368953704835, 0.08512100577354431], [-0.1253332495689392, 0.7282050251960754, -0.6738021373748778], [-8.751803739932707e-19, -0.6791574954986571, -0.7339927554130553]], "fy": 1250.0000504168488, "fx": 1250.0000504168488}, {"id": 3, "img_name": "r_3", "width": 800, "height": 800, "position": [-0.513294219970703, 2.6907823085784908, 2.957400560379028], "rotation": [[-0.9822872877120972, -0.13747063279151917, 0.1273326575756073], [-0.18738134205341336, 0.7206461429595947, -0.6675010919570923], [1.4901159421430011e-08, -0.6795375347137451, -0.7336409091949463]], "fy": 1250.0000504168488, "fx": 1250.0000504168488}, {"id": 4, "img_name": "r_4", "width": 800, "height": 800, "position": [-0.6818711757659911, 2.6557128429412837, 2.9550364017486572], "rotation": [[-0.968583345413208, -0.18230324983596802, 0.16915145516395566], [-0.24868996441364286, 0.7100241780281066, -0.6588013768196105], [7.450581484875506e-09, -0.6801701188087463, -0.7330544590950011]], "fy": 1250.0000504168488, "fx": 1250.0000504168488}, {"id": 5, "img_name": "r_5", "width": 800, "height": 800, "position": [-0.8483804464340214, 2.6110463142395024, 2.9517261981964116], "rotation": [[-0.9510567188262938, -0.22627255320549014, 0.2104573100805283], [-0.3090170621871948, 0.696395218372345, -0.6477209329605103], [1.490116299332733e-08, -0.6810541152954104, -0.7322332262992859]], "fy": 1250.0000504168488, "fx": 1250.0000504168488}, {"id": 6, "img_name": "r_6", "width": 800, "height": 800, "position": [-1.0123374462127686, 2.5568726062774654, 2.9474692344665527], "rotation": [[-0.9297767877578734, -0.2691642642021179, 0.25113004446029663], [-0.3681246638298034, 0.679831326007843, -0.6342820525169371], [-4.284189583619294e-17, -0.6821877360343933, -0.7311771512031556]], "fy": 1250.0000504168488, "fx": 1250.0000504168488}, {"id": 7, "img_name": "r_7", "width": 800, "height": 800, "position": [-1.1732574701309204, 2.4932990074157715, 2.9422655105590816], "rotation": [[-0.9048272371292114, -0.31077045202255243, 0.2910493910312652], [-0.42577940225601196, 0.660420835018158, -0.618511438369751], [1.2923152812875948e-17, -0.6835687160491943, -0.729886293411255]], "fy": 1250.0000504168488, "fx": 1250.0000504168488}, {"id": 8, "img_name": "r_8", "width": 800, "height": 800, "position": [-1.3306550979614253, 2.420452356338501, 2.936114311218261], "rotation": [[-0.8763067722320557, -0.35089030861854553, 0.33009493350982666], [-0.48175376653671254, 0.6382669806480407, -0.6004403829574585], [1.4901162986946267e-08, -0.6851943135261536, -0.7283603549003601]], "fy": 1250.0000504168488, "fx": 1250.0000504168488}, {"id": 9, "img_name": "r_9", "width": 800, "height": 800, "position": [-1.4840440750122073, 2.3384790420532227, 2.929014921188354], "rotation": [[-0.8443281650543213, -0.38933134078979503, 0.36814606189727783], [-0.5358269810676575, 0.6134879589080812, -0.5801053047180176], [3.826535474947937e-17, -0.687061607837677, -0.7265992164611816]], "fy": 1250.0000504168488, "fx": 1250.0000504168488}, {"id": 10, "img_name": "r_10", "width": 800, "height": 800, "position": [-1.632938265800476, 2.2475464344024663, 2.920967102050781], "rotation": [[-0.8090170621871948, -0.4259108901023866, 0.4050821959972382], [-0.5877854228019714, 0.586215913295746, -0.557547688484192], [1.4901163054245834e-08, -0.6891667246818542, -0.7246028184890748]], "fy": 1250.0000504168488, "fx": 1250.0000504168488}, {"id": 11, "img_name": "r_11", "width": 800, "height": 800, "position": [-1.7768508195877075, 2.147843360900879, 2.9119701385498042], "rotation": [[-0.7705134153366089, -0.4604565501213072, 0.4407824873924254], [-0.637424111366272, 0.556596279144287, -0.5328144431114196], [1.4901164824227857e-08, -0.6915059089660645, -0.7223709225654601]], "fy": 1250.0000504168488, "fx": 1250.0000504168488}, {"id": 12, "img_name": "r_12", "width": 800, "height": 800, "position": [-1.9152961969375615, 2.0395827293395996, 2.9020237922668466], "rotation": [[-0.728968620300293, -0.4928079247474671, 0.4751265645027161], [-0.6845473051071166, 0.5247870087623596, -0.5059582591056824], [-1.4901164772462186e-08, -0.6940741539001466, -0.7199035286903382]], "fy": 1250.0000504168488, "fx": 1250.0000504168488}, {"id": 13, "img_name": "r_13", "width": 800, "height": 800, "position": [-2.0477898120880127, 1.9230021238327024, 2.8911278247833248], "rotation": [[-0.6845472455024718, -0.522816777229309, 0.5079941749572754], [-0.7289689183235167, 0.4909575283527374, -0.47703817486763], [9.085447699323882e-17, -0.696866810321808, -0.7172005772590637]], "fy": 1250.0000504168488, "fx": 1250.0000504168488}, {"id": 14, "img_name": "r_14", "width": 800, "height": 800, "position": [-2.1738493442535405, 1.7983639240264897, 2.8792822360992436], "rotation": [[-0.6374239921569823, -0.5503484606742859, 0.5392656922340394], [-0.7705135345458985, 0.45528769493103033, -0.44611924886703497], [7.280927850238326e-17, -0.6998784542083741, -0.7142620682716371]], "fy": 1250.0000504168488, "fx": 1250.0000504168488}, {"id": 15, "img_name": "r_15", "width": 800, "height": 800, "position": [-2.292996406555176, 1.665958523750305, 2.8664875030517583], "rotation": [[-0.5877851247787476, -0.5752824544906616, 0.56882244348526], [-0.8090173006057739, 0.41796696186065674, -0.41327351331710804], [4.391382412704986e-17, -0.7031030654907227, -0.7110880613327025]], "fy": 1250.0000504168488, "fx": 1250.0000504168488}, {"id": 16, "img_name": "r_16", "width": 800, "height": 800, "position": [-2.4047570228576665, 1.5261046886444094, 2.852743864059449], "rotation": [[-0.5358267426490784, -0.5975128412246703, 0.5965468287467957], [-0.8443281650543213, 0.3791930973529816, -0.37858003377914434], [-2.980232954024431e-08, -0.7065344452857972, -0.7076786756515503]], "fy": 1250.0000504168488, "fx": 1250.0000504168488}, {"id": 17, "img_name": "r_17", "width": 800, "height": 800, "position": [-2.5086653232574467, 1.3791497945785525, 2.838052749633789], "rotation": [[-0.48175358772277843, -0.61694997549057, 0.6223233342170715], [-0.8763070106506349, 0.33917093276977545, -0.3421249687671662], [1.4901164710859045e-08, -0.710166037082672, -0.7040342688560486]], "fy": 1250.0000504168488, "fx": 1250.0000504168488}, {"id": 18, "img_name": "r_18", "width": 800, "height": 800, "position": [-2.6042633056640625, 1.2254726886749272, 2.822415590286255], "rotation": [[-0.4257791042327881, -0.6335194706916809, 0.646038293838501], [-0.9048272371292114, 0.2981114387512207, -0.30400237441062933], [1.4901161274349654e-08, -0.7139908075332642, -0.7001551985740663]], "fy": 1250.0000504168488, "fx": 1250.0000504168488}, {"id": 19, "img_name": "r_19", "width": 800, "height": 800, "position": [-2.691104412078857, 1.0654827356338503, 2.80583381652832], "rotation": [[-0.3681243360042572, -0.6471633315086366, 0.6675809025764465], [-0.9297767877578736, 0.25622987747192383, -0.2643137574195862], [-5.906846267359155e-17, -0.718001425266266, -0.696041762828827]], "fy": 1250.0000504168488, "fx": 1250.0000504168488}, {"id": 20, "img_name": "r_20", "width": 800, "height": 800, "position": [-2.768754482269286, 0.8996220827102658, 2.7883110046386723], "rotation": [[-0.3090167939662933, -0.6578409075736998, 0.686843514442444], [-0.9510567784309386, 0.2137452811002731, -0.22316880524158475], [5.728578780988754e-17, -0.7221899032592772, -0.6916948556900026]], "fy": 1250.0000504168488, "fx": 1250.0000504168488}, {"id": 21, "img_name": "r_21", "width": 800, "height": 800, "position": [-2.836796998977661, 0.7283647656440734, 2.7698497772216797], "rotation": [[-0.2486896514892578, -0.6655283570289611, 0.7037227749824522], [-0.968583345413208, 0.17087842524051666, -0.1806850731372833], [1.3419515234880571e-18, -0.7265486121177673, -0.6871151924133301]], "fy": 1250.0000504168488, "fx": 1250.0000504168488}, {"id": 22, "img_name": "r_22", "width": 800, "height": 800, "position": [-2.894832611083984, 0.5522178411483765, 2.7504544258117676], "rotation": [[-0.1873810142278671, -0.6702184677124023, 0.7181196212768554], [-0.9822874069213866, 0.12785077095031738, -0.13698840141296392], [7.450581487506653e-09, -0.731068730354309, -0.6823038458824158]], "fy": 1250.0000504168488, "fx": 1250.0000504168488}, {"id": 23, "img_name": "r_23", "width": 800, "height": 800, "position": [-2.9424843788146973, 0.37172117829322815, 2.730129718780517], "rotation": [[-0.12533292174339297, -0.6719214320182801, 0.7299405932426455], [-0.9921149611473083, 0.08488318324089052, -0.09221268445253374], [-3.725291196861411e-09, -0.7357420921325684, -0.6772618889808654]], "fy": 1250.0000504168488, "fx": 1250.0000504168488}, {"id": 24, "img_name": "r_24", "width": 800, "height": 800, "position": [-2.979399681091309, 0.1874468177556991, 2.7088818550109868], "rotation": [[-0.06279016286134718, -0.6706649065017701, 0.739098131656647], [-0.9980269670486449, 0.04219441115856169, -0.04649983718991278], [-1.8626455906624215e-09, -0.7405593991279602, -0.6719909310340882]], "fy": 1250.0000504168488, "fx": 1250.0000504168488}, {"id": 25, "img_name": "r_25", "width": 800, "height": 800, "position": [-3.0052540302276602, -1.206126285069331e-06, 2.6867170333862305], "rotation": [[4.0133926404450893e-07, -0.6664925217628479, 0.7455118298530579], [-1.0000001192092893, -2.674895824839041e-07, 2.992031227222469e-07], [-6.231034611523208e-24, -0.7455118298530579, -0.6664925217628479]], "fy": 1250.0000504168488, "fx": 1250.0000504168488}, {"id": 26, "img_name": "r_26", "width": 800, "height": 800, "position": [-3.019752979278565, -0.18998804688453674, 2.6636435985565186], "rotation": [[0.06279096007347107, -0.6594647169113158, 0.7491085529327394], [-0.9980269074440004, -0.04149028658866883, 0.04713024199008943], [-1.924539253909508e-18, -0.7505896687507629, -0.6607686877250671]], "fy": 1250.0000504168488, "fx": 1250.0000504168488}, {"id": 27, "img_name": "r_27", "width": 800, "height": 800, "position": [-3.022636651992798, -0.3818492293357849, 2.639669895172119], "rotation": [[0.12533371150493622, -0.6496581435203551, 0.7498239278793334], [-0.992114782333374, -0.08207121491432189, 0.09472514688968657], [-1.1724578405628584e-17, -0.7557836771011351, -0.6548215746879578]], "fy": 1250.0000504168488, "fx": 1250.0000504168488}, {"id": 28, "img_name": "r_28", "width": 800, "height": 800, "position": [-3.0136830806732178, -0.5748922824859618, 2.614806652069092], "rotation": [[0.18738178908824918, -0.6371641755104065, 0.7476028203964231], [-0.9822872877120972, -0.12154587358236311, 0.1426132321357727], [-3.1202365302338874e-18, -0.7610836625099182, -0.6486537456512451]], "fy": 1250.0000504168488, "fx": 1250.0000504168488}, {"id": 29, "img_name": "r_29", "width": 800, "height": 800, "position": [-2.992709159851075, -0.7683987617492674, 2.5890643596649165], "rotation": [[0.24869042634963984, -0.6220898032188413, 0.7423998117446899], [-0.9685832262039182, -0.15972584486007688, 0.19061629474163053], [-7.450582368912871e-09, -0.766480267047882, -0.642267882823944]], "fy": 1250.0000504168488, "fx": 1250.0000504168488}, {"id": 30, "img_name": "r_30", "width": 800, "height": 800, "position": [-2.9595763683319096, -0.9616263508796692, 2.562456369400024], "rotation": [[0.30901753902435297, -0.6045553088188171, 0.7341805696487428], [-0.9510564804077147, -0.19643229246139524, 0.23855017125606537], [2.6534362350266906e-17, -0.7719632387161255, -0.6356672644615172]], "fy": 1250.0000504168488, "fx": 1250.0000504168488}, {"id": 31, "img_name": "r_31", "width": 800, "height": 800, "position": [-2.914191722869873, -1.1538120508193968, 2.5349960327148433], "rotation": [[0.3681251108646392, -0.5846946239471437, 0.7229220271110535], [-0.9297764301300049, -0.23149737715721128, 0.28622555732727045], [1.490116295436471e-08, -0.7775225043296814, -0.6288551688194275]], "fy": 1250.0000504168488, "fx": 1250.0000504168488}, {"id": 32, "img_name": "r_32", "width": 800, "height": 800, "position": [-2.8565111160278316, -1.3441742658615115, 2.5066988468170166], "rotation": [[0.4257799386978149, -0.5626534223556517, 0.7086132168769835], [-0.9048269987106322, -0.2647650241851807, 0.33344861865043646], [-1.490116477444277e-08, -0.7831478714942933, -0.6218355298042298]], "fy": 1250.0000504168488, "fx": 1250.0000504168488}, {"id": 33, "img_name": "r_33", "width": 800, "height": 800, "position": [-2.7865428924560547, -1.5319170951843264, 2.4775812625885005], "rotation": [[0.48175424337387074, -0.5385888218879699, 0.6912562847137452], [-0.8763065934181212, -0.2960920929908752, 0.3800218999385834], [-1.4901162968010773e-08, -0.7888295054435729, -0.6146123409271239]], "fy": 1250.0000504168488, "fx": 1250.0000504168488}, {"id": 34, "img_name": "r_34", "width": 800, "height": 800, "position": [-2.704347133636474, -1.7162333726882935, 2.447661876678467], "rotation": [[0.5358274579048157, -0.5126675367355347, 0.6708660125732421], [-0.8443278074264527, -0.3253491520881653, 0.4257451593875885], [-1.4901164758477312e-08, -0.7945566177368164, -0.6071902513504028]], "fy": 1250.0000504168488, "fx": 1250.0000504168488}, {"id": 35, "img_name": "r_35", "width": 800, "height": 800, "position": [-2.6100413799285898, -1.896308660507202, 2.4169602394104004], "rotation": [[0.5877858996391296, -0.4850653707981108, 0.6474716067314149], [-0.8090168237686157, -0.3524211347103119, 0.4704163372516632], [1.490116475060274e-08, -0.8003192543983458, -0.599574089050293]], "fy": 1250.0000504168488, "fx": 1250.0000504168488}, {"id": 36, "img_name": "r_36", "width": 800, "height": 800, "position": [-2.503799200057984, -2.071326017379761, 2.385497331619263], "rotation": [[0.6374247074127197, -0.45596560835838323, 0.6211161017417908], [-0.7705129384994507, -0.3772081732749939, 0.5138327479362489], [1.160862019787365e-16, -0.8061075210571287, -0.5917690396308899]], "fy": 1250.0000504168488, "fx": 1250.0000504168488}, {"id": 37, "img_name": "r_37", "width": 800, "height": 800, "position": [-2.3858535289764404, -2.2404687404632564, 2.3532960414886475], "rotation": [[0.6845476627349855, -0.42555782198905945, 0.5918574929237368], [-0.7289682626724243, -0.3996258974075318, 0.5557919144630432], [-1.4901164888641497e-08, -0.8119113445281984, -0.5837809443473815]], "fy": 1250.0000504168488, "fx": 1250.0000504168488}, {"id": 38, "img_name": "r_38", "width": 800, "height": 800, "position": [-2.2564957141876225, -2.4029273986816415, 2.3203806877136226], "rotation": [[0.7289692163467407, -0.3940357267856598, 0.5597677230834961], [-0.6845465898513794, -0.41960608959198, 0.596092998981476], [1.4901164695958905e-08, -0.8177204728126526, -0.5756156444549559]], "fy": 1250.0000504168488, "fx": 1250.0000504168488}, {"id": 39, "img_name": "r_39", "width": 800, "height": 800, "position": [-2.1160778999328613, -2.557902812957764, 2.286776781082153], "rotation": [[0.7705138325691223, -0.3615972697734832, 0.5249343514442444], [-0.6374234557151794, -0.4370967447757721, 0.6345376372337344], [-1.6599876046679633e-17, -0.8235254287719727, -0.5672795772552489]], "fy": 1250.0000504168488, "fx": 1250.0000504168488}, {"id": 40, "img_name": "r_40", "width": 800, "height": 800, "position": [-1.9650115966796875, -2.7046108245849614, 2.252511978149414], "rotation": [[0.809017539024353, -0.32844200730323786, 0.48745942115783686], [-0.5877847075462342, -0.4520623981952667, 0.6709313988685608], [-3.613316437964225e-17, -0.8293164372444152, -0.5587794780731201]], "fy": 1250.0000504168488, "fx": 1250.0000504168488}, {"id": 41, "img_name": "r_41", "width": 800, "height": 800, "position": [-1.803768038749695, -2.842288732528688, 2.217614650726318], "rotation": [[0.8443284630775453, -0.2947700917720794, 0.4474598467350006], [-0.5358262062072754, -0.4644841551780701, 0.7050850987434388], [-7.870404700044937e-17, -0.835084080696106, -0.550122559070587]], "fy": 1250.0000504168488, "fx": 1250.0000504168488}, {"id": 42, "img_name": "r_42", "width": 800, "height": 800, "position": [-1.6328773498535154, -2.9701988697052015, 2.1821160316467276], "rotation": [[0.8763073086738586, -0.2607807517051697, 0.4050670564174652], [-0.4817530512809754, -0.474359393119812, 0.7368156909942628], [-4.315046841134212e-17, -0.8408190011978149, -0.5413163900375365]], "fy": 1250.0000504168488, "fx": 1250.0000504168488}, {"id": 43, "img_name": "r_43", "width": 800, "height": 800, "position": [-1.4529269933700562, -3.0876340866088876, 2.146047353744507], "rotation": [[0.9048276543617249, -0.2266711741685867, 0.3604268431663513], [-0.4257785677909851, -0.48170191049575806, 0.7659478783607483], [1.4901164709104903e-08, -0.8465124368667603, -0.5323688983917235]], "fy": 1250.0000504168488, "fx": 1250.0000504168488}, {"id": 44, "img_name": "r_44", "width": 800, "height": 800, "position": [-1.264560103416443, -3.1939225196838383, 2.109442234039307], "rotation": [[0.9297770261764525, -0.19263479113578796, 0.31369876861572266], [-0.36812376976013195, -0.48654127120971685, 0.7923147678375244], [1.490116472852594e-08, -0.8521557450294495, -0.5232882499694823]], "fy": 1250.0000504168488, "fx": 1250.0000504168488}, {"id": 45, "img_name": "r_45", "width": 800, "height": 800, "position": [-1.0684733390808108, -3.2884328365325937, 2.0723357200622563], "rotation": [[0.951056957244873, -0.15886001288890841, 0.26505562663078314], [-0.30901616811752314, -0.48892238736152654, 0.8157598972320557], [2.83768808490791e-17, -0.8577404618263246, -0.5140832662582399]], "fy": 1250.0000504168488, "fx": 1250.0000504168488}, {"id": 46, "img_name": "r_46", "width": 800, "height": 800, "position": [-0.8654139637947083, -3.370578050613403, 2.0347635746002197], "rotation": [[0.9685835242271423, -0.125528946518898, 0.21468280255794528], [-0.24868899583816523, -0.4889048933982849, 0.836137592792511], [-3.343870715446775e-19, -0.8632583618164064, -0.5047627687454224]], "fy": 1250.0000504168488, "fx": 1250.0000504168488}, {"id": 47, "img_name": "r_47", "width": 800, "height": 800, "position": [-0.6561774611473083, -3.4398207664489746, 1.9967634677886963], "rotation": [[0.9822875261306763, -0.09281624853610991, 0.16277760267257688], [-0.18738037347793576, -0.4865623712539672, 0.8533146381378174], [-1.2657680601344054e-17, -0.8687013983726503, -0.49533611536025995]], "fy": 1250.0000504168488, "fx": 1250.0000504168488}, {"id": 48, "img_name": "r_48", "width": 800, "height": 800, "position": [-0.44160315394401556, -3.4956769943237314, 1.9583741426467893], "rotation": [[0.9921149611473083, -0.060888007283210754, 0.10954827070236205], [-0.12533225119113925, -0.48198208212852484, 0.8671708703041076], [-1.6631682627703568e-17, -0.8740628957748414, -0.48581287264823914]], "fy": 1250.0000504168488, "fx": 1250.0000504168488}, {"id": 49, "img_name": "r_49", "width": 800, "height": 800, "position": [-0.2225708365440369, -3.537719726562499, 1.9196357727050783], "rotation": [[0.998026967048645, -0.02990054897964001, 0.055213034152984626], [-0.06278951466083527, -0.47526335716247564, 0.8776003718376159], [5.423976678337486e-21, -0.8793353438377381, -0.47620308399200445]], "fy": 1250.0000504168488, "fx": 1250.0000504168488}, {"id": 50, "img_name": "r_50", "width": 800, "height": 800, "position": [3.7121180866961363e-06, -3.5655829906463614, 1.8805897235870364], "rotation": [[1.0000001192092896, 4.856894406657375e-07, -9.208632718582521e-07], [1.0410972208774183e-06, -0.46651691198348993, 0.8845123648643493], [2.842171616840727e-14, -0.8845123648643495, -0.46651694178581243]], "fy": 1250.0000504168488, "fx": 1250.0000504168488}, {"id": 51, "img_name": "r_51", "width": 800, "height": 800, "position": [0.22517324984073647, -3.578965425491333, 1.8412775993347168], "rotation": [[0.9980267882347107, 0.02868098206818105, -0.05585861578583718], [0.06279159337282181, -0.4558634161949158, 0.8878321647644043], [-8.465820536411654e-19, -0.8895875811576843, -0.456764817237854]], "fy": 1250.0000504168488, "fx": 1250.0000504168488}, {"id": 52, "img_name": "r_52", "width": 800, "height": 800, "position": [0.4519639909267426, -3.577631950378418, 1.8017430305480955], "rotation": [[0.9921147227287292, 0.05601911619305611, -0.11211848258972167], [0.12533433735370633, -0.4434330761432648, 0.8875013589859009], [-3.725290740253651e-09, -0.8945553898811339, -0.4469574987888335]], "fy": 1250.0000504168488, "fx": 1250.0000504168488}, {"id": 53, "img_name": "r_53", "width": 800, "height": 800, "position": [0.6793807744979857, -3.5614171028137207, 1.762030005455017], "rotation": [[0.9822871685028075, 0.0819059535861015, -0.16853363811969757], [0.18738242983818054, -0.4293634593486785, 0.8834789395332336], [-1.0730195996704964e-17, -0.8994100093841552, -0.4371058940887451]], "fy": 1250.0000504168488, "fx": 1250.0000504168488}, {"id": 54, "img_name": "r_54", "width": 800, "height": 800, "position": [0.9064124822616576, -3.5302267074584956, 1.7221834659576414], "rotation": [[0.9685829877853394, 0.10624606162309645, -0.2248532921075821], [0.2486910223960876, -0.4137990772724151, 0.8757415413856505], [7.450581476066658e-09, -0.9041471481323241, -0.42722117900848383]], "fy": 1250.0000504168488, "fx": 1250.0000504168488}, {"id": 55, "img_name": "r_55", "width": 800, "height": 800, "position": [1.1320374011993406, -3.484039306640624, 1.682249188423157], "rotation": [[0.9510564804077148, 0.12895779311656952, -0.28082394599914545], [0.3090181648731231, -0.39688971638679515, 0.8642838597297666], [-8.029239252751687e-18, -0.9087621569633485, -0.41731470823287975]], "fy": 1250.0000504168488, "fx": 1250.0000504168488}, {"id": 56, "img_name": "r_56", "width": 800, "height": 800, "position": [1.355229377746582, -3.4229068756103516, 1.642273187637329], "rotation": [[0.9297761917114258, 0.14997360110282898, -0.33619111776351934], [0.36812570691108704, -0.37878876924514765, 0.8491188287734985], [-1.1737115020296312e-17, -0.913250744342804, -0.4073979258537293]], "fy": 1250.0000504168488, "fx": 1250.0000504168488}, {"id": 57, "img_name": "r_57", "width": 800, "height": 800, "position": [1.574963092803955, -3.346956491470337, 1.6023026704788206], "rotation": [[0.9048267006874084, 0.16924019157886502, -0.3907003104686737], [0.4257804751396179, -0.35965257883071894, 0.8302778005599976], [5.143233795491554e-19, -0.9176098108291626, -0.3974824249744415]], "fy": 1250.0000504168488, "fx": 1250.0000504168488}, {"id": 58, "img_name": "r_58", "width": 800, "height": 800, "position": [1.7902200222015376, -3.256388664245605, 1.5623846054077144], "rotation": [[0.8763062953948973, 0.18671847879886624, -0.4440989792346954], [0.48175480961799616, -0.33963868021965027, 0.8078107237815857], [-3.904364221754516e-18, -0.9218362569808959, -0.38757997751235956]], "fy": 1250.0000504168488, "fx": 1250.0000504168488}, {"id": 59, "img_name": "r_59", "width": 800, "height": 800, "position": [1.9999942779541007, -3.151477813720702, 1.5225665569305415], "rotation": [[0.8443273901939392, 0.20238348841667167, -0.4961376190185546], [0.5358279943466185, -0.3189044296741485, 0.7817856073379515], [4.234082741868885e-17, -0.9259272217750549, -0.377702385187149]], "fy": 1250.0000504168488, "fx": 1250.0000504168488}, {"id": 60, "img_name": "r_60", "width": 800, "height": 800, "position": [2.203298568725586, -3.0325720310211177, 1.4828966856002803], "rotation": [[0.8090164065361024, 0.2162239104509354, -0.5465711355209351], [0.5877863764762877, -0.29760587215423584, 0.7522886395454407], [5.657498566025952e-17, -0.929880678653717, -0.3678614199161529]], "fy": 1250.0000504168488, "fx": 1250.0000504168488}, {"id": 61, "img_name": "r_61", "width": 800, "height": 800, "position": [2.399169206619263, -2.9000895023345956, 1.4434226751327515], "rotation": [[0.7705125808715819, 0.2282421886920929, -0.5951606631278992], [0.6374251246452332, -0.27589666843414296, 0.7194237112998962], [-2.9408549239592626e-17, -0.933695077896118, -0.35806912183761597]], "fy": 1250.0000504168488, "fx": 1250.0000504168488}, {"id": 62, "img_name": "r_62", "width": 800, "height": 800, "position": [2.586671829223633, -2.754518270492554, 1.4041924476623537], "rotation": [[0.7289678454399109, 0.23845365643501285, -0.6416744589805602], [0.6845481991767882, -0.25392666459083557, 0.6833119988441468], [-3.987932761692424e-18, -0.9373692870140077, -0.34833735227584844]], "fy": 1250.0000504168488, "fx": 1250.0000504168488}, {"id": 63, "img_name": "r_63", "width": 800, "height": 800, "position": [2.764907598495483, -2.5964140892028813, 1.3652542829513552], "rotation": [[0.6845462322235107, 0.246885895729065, -0.6858891844749451], [0.7289696335792543, -0.2318406850099564, 0.6440911293029786], [-1.490116294948784e-08, -0.9409024119377137, -0.3386779427528382]], "fy": 1250.0000504168488, "fx": 1250.0000504168488}, {"id": 64, "img_name": "r_64", "width": 800, "height": 800, "position": [2.933016300201416, -2.426396369934082, 1.3266556262969973], "rotation": [[0.6374230980873108, 0.2535783350467682, -0.727591872215271], [0.7705141305923463, -0.20977774262428284, 0.6019148826599121], [-1.4901162958865358e-08, -0.944294273853302, -0.3291027843952179]], "fy": 1250.0000504168488, "fx": 1250.0000504168488}, {"id": 65, "img_name": "r_65", "width": 800, "height": 800, "position": [3.0901839733123784, -2.2451446056365967, 1.2884440422058105], "rotation": [[0.5877843499183655, 0.25858122110366827, -0.7665804028511048], [0.8090176582336426, -0.18786980211734772, 0.5569518804550171], [-1.9300194612317392e-17, -0.9475447535514832, -0.3196236491203308]], "fy": 1250.0000504168488, "fx": 1250.0000504168488}, {"id": 66, "img_name": "r_66", "width": 800, "height": 800, "position": [3.2356443405151367, -2.053396701812744, 1.250666618347168], "rotation": [[0.5358258485794066, 0.2619548738002777, -0.8026646971702576], [0.844328761100769, -0.16624115407466888, 0.5093851089477539], [1.116267241738954e-18, -0.9506544470787048, -0.31025221943855286]], "fy": 1250.0000504168488, "fx": 1250.0000504168488}, {"id": 67, "img_name": "r_67", "width": 800, "height": 800, "position": [3.3686842918396, -1.8519444465637207, 1.2133702039718623], "rotation": [[0.48175266385078425, 0.2637686133384704, -0.8356678485870362], [0.876307487487793, -0.14500758051872253, 0.4594109356403351], [1.490116473334026e-08, -0.9536241888999938, -0.3010001182556152]], "fy": 1250.0000504168488, "fx": 1250.0000504168488}, {"id": 68, "img_name": "r_68", "width": 800, "height": 800, "position": [3.488648414611817, -1.6416280269622803, 1.1766008138656614], "rotation": [[0.4257782697677612, 0.26409998536109924, -0.8654272556304934], [0.9048277139663696, -0.12427561730146405, 0.40723785758018494], [7.450582366017681e-09, -0.9564554095268248, -0.29187875986099243]], "fy": 1250.0000504168488, "fx": 1250.0000504168488}, {"id": 69, "img_name": "r_69", "width": 800, "height": 800, "position": [3.5949413776397705, -1.4233325719833376, 1.140403747558594], "rotation": [[0.3681234121322632, 0.2630333304405213, -0.89179527759552], [0.9297771453857422, -0.10414186865091327, 0.3530853986740113], [5.167556558362974e-18, -0.959149718284607, -0.28289937973022466]], "fy": 1250.0000504168488, "fx": 1250.0000504168488}, {"id": 70, "img_name": "r_70", "width": 800, "height": 800, "position": [3.687031030654907, -1.197983741760254, 1.1048241853713991], "rotation": [[0.3090157806873321, 0.2606591880321503, -0.914639949798584], [0.9510570764541626, -0.08469293266534805, 0.2971832156181335], [3.186770744159088e-19, -0.9617090225219728, -0.27407318353652954]], "fy": 1250.0000504168488, "fx": 1250.0000504168488}, {"id": 71, "img_name": "r_71", "width": 800, "height": 800, "position": [3.764451980590821, -0.9665415883064269, 1.0699057579040527], "rotation": [[0.24868862330913544, 0.2570727169513702, -0.9338456988334656], [0.9685836434364319, -0.06600469350814821, 0.2397694885730743], [-3.725290729785155e-09, -0.9641355276107788, -0.265410989522934]], "fy": 1250.0000504168488, "fx": 1250.0000504168488}, {"id": 72, "img_name": "r_72", "width": 800, "height": 800, "position": [3.8268063068389897, -0.7299969792366028, 1.035691976547241], "rotation": [[0.18738001585006717, 0.2523728311061859, -0.9493139386177064], [0.9822876453399659, -0.048142343759536736, 0.18108998239040375], [-3.725290747307094e-09, -0.9664318561553953, -0.25692358613014216]], "fy": 1250.0000504168488, "fx": 1250.0000504168488}, {"id": 73, "img_name": "r_73", "width": 800, "height": 800, "position": [3.873766660690307, -0.48936504125595076, 1.0022244453430178], "rotation": [[0.12533187866210938, 0.24666087329387665, -0.9609633684158324], [0.9921150803565979, -0.031160164624452584, 0.12139654159545897], [7.096249444560831e-18, -0.9686007499694824, -0.24862131476402288]], "fy": 1250.0000504168488, "fx": 1250.0000504168488}, {"id": 74, "img_name": "r_74", "width": 800, "height": 800, "position": [3.9050767421722417, -0.24568103253841403, 0.969544768333435], "rotation": [[0.06278911232948303, 0.2400398552417755, -0.968730390071869], [0.998026967048645, -0.015101686120033266, 0.06094596907496454], [-9.31322798696328e-10, -0.9706454873085023, -0.24051448702812192]], "fy": 1250.0000504168488, "fx": 1250.0000504168488}, {"id": 75, "img_name": "r_75", "width": 800, "height": 800, "position": [3.920552492141723, 5.6551471061538905e-06, 0.937692880630493], "rotation": [[-1.4424365417653464e-06, 0.2326129674911499, -0.972569465637207], [1.0000001192092896, 3.355293642925971e-07, -1.4028694295120658e-06], [-2.8421716206124704e-14, -0.9725692868232726, -0.23261299729347226]], "fy": 1250.0000504168488, "fx": 1250.0000504168488}, {"id": 76, "img_name": "r_76", "width": 800, "height": 800, "position": [3.9200830459594735, 0.24663649499416349, 0.9067077636718749], "rotation": [[-0.06279199570417404, 0.22448270022869105, -0.972452998161316], [0.9980268478393555, 0.01412358600646257, -0.061182990670204156], [9.313227978096988e-10, -0.9743758440017698, -0.22492654621601102]], "fy": 1250.0000504168488, "fx": 1250.0000504168488}, {"id": 77, "img_name": "r_77", "width": 800, "height": 800, "position": [3.903630256652832, 0.4931491017341613, 0.8766271471977233], "rotation": [[-0.1253347396850586, 0.21574962139129636, -0.9683715701103212], [0.9921146631240845, 0.02725584432482719, -0.122335247695446], [1.862645597293981e-09, -0.9760681986808777, -0.2174644619226455]], "fy": 1250.0000504168488, "fx": 1250.0000504168488}, {"id": 78, "img_name": "r_78", "width": 800, "height": 800, "position": [3.871228218078612, 0.7384824156761168, 0.8474875688552858], "rotation": [[-0.1873828321695328, 0.20651191473007205, -0.9603336453437805], [0.9822871088981628, 0.03939457982778549, -0.18319495022296903], [-9.143733437059187e-18, -0.9776508808135987, -0.21023581922054294]], "fy": 1250.0000504168488, "fx": 1250.0000504168488}, {"id": 79, "img_name": "r_79", "width": 800, "height": 800, "position": [3.8229837417602544, 0.9815817475318906, 0.8193241357803345], "rotation": [[-0.24869143962860105, 0.19686378538608554, -0.9483656287193298], [0.9685829281806945, 0.050546359270811074, -0.24350048601627344], [3.72529119423317e-09, -0.9791269898414613, -0.2032493352890015]], "fy": 1250.0000504168488, "fx": 1250.0000504168488}, {"id": 80, "img_name": "r_80", "width": 800, "height": 800, "position": [3.7590739727020264, 1.2214037179946895, 0.7921710014343262], "rotation": [[-0.3090185523033142, 0.18689529597759247, -0.9325115680694578], [0.951056182384491, 0.06072628870606422, -0.3029929995536803], [8.465822258577575e-18, -0.9805011153221131, -0.19651345908641815]], "fy": 1250.0000504168488, "fx": 1250.0000504168488}, {"id": 81, "img_name": "r_81", "width": 800, "height": 800, "position": [3.6797461509704594, 1.4569213390350342, 0.7660605311393738], "rotation": [[-0.3681260943412781, 0.1766911149024963, -0.9128327965736389], [0.9297760725021362, 0.06995728611946107, -0.3614177405834198], [1.1899413297676262e-17, -0.9817771911621095, -0.19003625214099884]], "fy": 1250.0000504168488, "fx": 1250.0000504168488}, {"id": 82, "img_name": "r_82", "width": 800, "height": 800, "position": [3.585314750671387, 1.6871281862258911, 0.7410240173339843], "rotation": [[-0.425780862569809, 0.16633009910583496, -0.889407217502594], [0.9048265218734741, 0.0782693400979042, -0.4185250401496887], [7.450582378030243e-09, -0.9829588532447814, -0.1838254481554031]], "fy": 1250.0000504168488, "fx": 1250.0000504168488}, {"id": 83, "img_name": "r_83", "width": 800, "height": 800, "position": [3.476160764694214, 1.9110430479049683, 0.7170910835266113], "rotation": [[-0.4817551970481871, 0.15588468313217163, -0.8623295426368713], [0.8763060569763182, 0.0856986567378044, -0.47407153248786926], [-7.450581491769645e-09, -0.9840507507324218, -0.1778884381055832]], "fy": 1250.0000504168488, "fx": 1250.0000504168488}, {"id": 84, "img_name": "r_84", "width": 800, "height": 800, "position": [3.3527290821075435, 2.127714633941651, 0.6942901611328126], "rotation": [[-0.5358282923698425, 0.1454203277826309, -0.8317098021507263], [0.8443270921707153, 0.0922868847846985, -0.5278210639953613], [-7.450581499129211e-09, -0.9850565195083618, -0.17223221063613892]], "fy": 1250.0000504168488, "fx": 1250.0000504168488}, {"id": 85, "img_name": "r_85", "width": 800, "height": 800, "position": [3.215524911880493, 2.33622407913208, 0.6726480722427368], "rotation": [[-0.5877867341041566, 0.13499522209167475, -0.797673761844635], [0.8090161681175232, 0.0980801284313202, -0.5795459747314452], [1.113178410232868e-17, -0.9859800934791565, -0.1668634861707687]], "fy": 1250.0000504168488, "fx": 1250.0000504168488}, {"id": 86, "img_name": "r_86", "width": 800, "height": 800, "position": [3.0651133060455336, 2.5356910228729244, 0.6521900892257692], "rotation": [[-0.6374255418777465, 0.1246599480509758, -0.7603611350059508], [0.7705124020576476, 0.10312803834676743, -0.6290276050567627], [-7.450583264316947e-09, -0.9868254065513612, -0.16178846359252932]], "fy": 1250.0000504168488, "fx": 1250.0000504168488}, {"id": 87, "img_name": "r_87", "width": 800, "height": 800, "position": [2.902113199234008, 2.7252752780914307, 0.6329401135444641], "rotation": [[-0.6845484972000121, 0.11445747315883634, -0.7199257016181946], [0.7289674878120422, 0.1074831038713455, -0.6760576367378235], [5.0586925781115775e-18, -0.9875966310501098, -0.15701313316822052]], "fy": 1250.0000504168488, "fx": 1250.0000504168488}, {"id": 88, "img_name": "r_88", "width": 800, "height": 800, "position": [2.727197647094727, 2.9041807651519767, 0.6149204969406127], "rotation": [[-0.728969991207123, 0.10442268848419191, -0.6765345335006714], [0.6845459938049315, 0.1111992448568345, -0.7204385995864868], [-7.450582360143671e-09, -0.9882968664169312, -0.15254300832748413]], "fy": 1250.0000504168488, "fx": 1250.0000504168488}, {"id": 89, "img_name": "r_89", "width": 800, "height": 800, "position": [2.541087865829468, 3.0716586112976083, 0.5981520414352416], "rotation": [[-0.7705146074295043, 0.09458286315202714, -0.630366325378418], [0.6374228596687318, 0.11433144658803937, -0.761984705924988], [7.450583245730468e-09, -0.98893004655838, -0.14838325977325437]], "fy": 1250.0000504168488, "fx": 1250.0000504168488}, {"id": 90, "img_name": "r_90", "width": 800, "height": 800, "position": [2.344551086425781, 3.2270100116729727, 0.5826539993286133], "rotation": [[-0.809018075466156, 0.08495749533176422, -0.5816116929054259], [0.5877838134765626, 0.11693440377712251, -0.8005228638648986], [-7.450580610613687e-09, -0.9894992113113404, -0.14453870058059692]], "fy": 1250.0000504168488, "fx": 1250.0000504168488}, {"id": 91, "img_name": "r_91", "width": 800, "height": 800, "position": [2.1383974552154537, 3.3695886135101314, 0.5684441328048705], "rotation": [[-0.8443291187286376, 0.07555867731571199, -0.53047114610672], [0.5358253717422485, 0.11906189471483232, -0.835892140865326], [2.2629622722987175e-18, -0.9900076985359192, -0.14101365208625793]], "fy": 1250.0000504168488, "fx": 1250.0000504168488}, {"id": 92, "img_name": "r_92", "width": 800, "height": 800, "position": [1.9234746694564822, 3.49880290031433, 0.5555387735366821], "rotation": [[-0.8763077259063722, 0.06639132648706438, -0.47715538740158087], [0.4817521274089812, 0.12076590210199359, -0.8679462671279906], [-3.7252911877230305e-09, -0.9904584884643556, -0.13781222701072696]], "fy": 1250.0000504168488, "fx": 1250.0000504168488}, {"id": 93, "img_name": "r_93", "width": 800, "height": 800, "position": [1.7006664276123045, 3.614118099212647, 0.543952465057373], "rotation": [[-0.9048280119895934, 0.057453576475381865, -0.4218834638595581], [0.4257776439189911, 0.12209566682577136, -0.8965524435043335], [-3.3834450159516134e-18, -0.9908540248870851, -0.13493801653385162]], "fy": 1250.0000504168488, "fx": 1250.0000504168488}, {"id": 94, "img_name": "r_94", "width": 800, "height": 800, "position": [1.4708871841430664, 3.715058088302612, 0.5336983799934386], "rotation": [[-0.9297773241996765, 0.048737347126007066, -0.36488223075866694], [0.3681227564811706, 0.12309718877077103, -0.9215925931930542], [-2.8459656140850156e-18, -0.9911971688270568, -0.13239428400993344]], "fy": 1250.0000504168488, "fx": 1250.0000504168488}, {"id": 95, "img_name": "r_95", "width": 800, "height": 800, "position": [1.2350789308547971, 3.801207304000854, 0.5247880816459657], "rotation": [[-0.9510573148727417, 0.04022880271077157, -0.3063853979110718], [0.309015154838562, 0.123812347650528, -0.9429636001586913], [4.176641615054592e-18, -0.9914899468421937, -0.1301839202642441]], "fy": 1250.0000504168488, "fx": 1250.0000504168488}, {"id": 96, "img_name": "r_96", "width": 800, "height": 800, "position": [0.9942068457603458, 3.872211694717408, 0.5172316431999208], "rotation": [[-0.9685838222503662, 0.031909000128507614, -0.24663239717483523], [0.24868802726268768, 0.12427837401628494, -0.9605776071548463], [3.725291196732096e-09, -0.9917341470718383, -0.12830939888954165]], "fy": 1250.0000504168488, "fx": 1250.0000504168488}, {"id": 97, "img_name": "r_97", "width": 800, "height": 800, "position": [0.7492559552192687, 3.927780151367188, 0.5110374689102172], "rotation": [[-0.9822879433631897, 0.023754602298140526, -0.18586753308773038], [0.18737939000129702, 0.12452735006809233, -0.9743624329566952], [-3.5119418205657713e-19, -0.9919318556785583, -0.12677280604839325]], "fy": 1250.0000504168488, "fx": 1250.0000504168488}, {"id": 98, "img_name": "r_98", "width": 800, "height": 800, "position": [0.5012269616127013, 3.9676845073699947, 0.5062126517295837], "rotation": [[-0.9921150803565979, 0.01573858223855495, -0.12433911859989165], [0.12533123791217804, 0.12458574026823045, -0.9842615127563475], [-7.513568881396939e-19, -0.9920841455459596, -0.12557591497898102]], "fy": 1250.0000504168488, "fx": 1250.0000504168488}, {"id": 99, "img_name": "r_99", "width": 800, "height": 800, "position": [0.25113210082054144, 3.991761684417725, 0.5027624368667603], "rotation": [[-0.9980270266532898, 0.007830977439880373, -0.06229821965098382], [0.06278847157955171, 0.12447392940521244, -0.9902344346046448], [4.656613410733177e-10, -0.9921920895576478, -0.12472003698348998]], "fy": 1250.0000504168488, "fx": 1250.0000504168488}, {"id": 100, "img_name": "r_100", "width": 800, "height": 800, "position": [-8.328596777573692e-06, 3.9999136924743643, 0.5006908178329468], "rotation": [[-1.0000001192092896, -2.5862124175546336e-07, 2.0660706923081307e-06], [-2.082194441754837e-06, 0.12420612573623654, -0.9922565817832947], [-2.8421712874